Multinomial Naive Bayes Classifier - Default Parameters - Embedding as Features - Emotions


Confusion Matrix: 

[[  766    26     2     6     3     2     0     2     0     0     0     0
      0     5     0    64     0    10    62     0  1170    16     0     0
      0     0     0     0]
 [   38   231     3     4     0     1     0     2     0     0     2     1
      0     1     0    12     0     7     9     0   919     1     0     0
      0     0     1     0]
 [    7     9    78    10     1     0     0     5     0     0     1     7
      0     1     0     3     0     0     5     0   929     1     0     0
      0     0     3     0]
 [   10    22    23    16     3     1     0     2     0     0     4     5
      0     1     0     9     0     2     6     0  1570     3     0     0
      0     0    10     1]
 [   86    12     8     6    28     2     0     2     0     0     6     0
      0     0     0    24     0     3    31     0  2012     6     0     0
      0     0     0     0]
 [   22     1     0     0     1    13     0     0     0     0     0     1
      0     1     0    14     0     1     6     0   585    16     0     0
      0     1     7     0]
 [    8     7     1     0     3     1     0     9     0     0     3     1
      0     0     0     6     0     0     4     0   919     0     0     0
      0     0     2     1]
 [   11     5     2     1     3     4     0    48     0     0     0     1
      0     1     0     9     0     0     3     0  1052     2     0     0
      0     0     0     0]
 [   12     2     0     0     0     0     0     2     0     0     1     0
      0     0     0     5     0     1     8     0   392    16     0     0
      0     0     0     0]
 [   13    10     9     2     1     0     0     0     0     0     1     1
      0     0     0     2     0     1     5     0   899     3     0     0
      0     0    23     0]
 [   11    14     5     6     6     0     0     1     0     0    23     4
      0     0     0     8     0     1     4     0  1447     0     0     0
      0     0     7     0]
 [    7    15    16     7     2     0     0     2     0     0     1    20
      0     0     0     1     0     0     5     0   502     0     0     0
      0     0     7     0]
 [    2     6     1     4     0     0     0     0     0     0     0     0
      0     0     0     2     0     0     2     0   279     0     0     0
      0     1     6     0]
 [   45     7     1     1     1     1     0     2     0     0     0     0
      0    10     0    12     0    18    12     0   482     4     0     0
      0     0     1     0]
 [    3     1     2     1     1     0     0     1     0     0     0    11
      0     0     0     0     0     0     0     0   292     0     0     0
      0     0     5     0]
 [   42     3     0     0     0     6     0     0     0     0     0     0
      0     8     0   954     0     3     7     0   377     7     0     0
      0     0     2     0]
 [    0     0     1     1     0     0     0     1     0     0     0     0
      0     0     0     4     0     0     0     0    48     0     0     0
      0     0     3     0]
 [   80    37     1     0     3     1     0     1     0     0     0     0
      0    15     0    36     0    35    34     0   561     8     0     0
      0     0     2     0]
 [   53    13     0     0     2     1     0     0     0     0     0     0
      0     1     0    10     0     2   392     0   526     3     0     0
      0     0     1     0]
 [    0     1     0     1     0     0     0     0     0     0     0     0
      0     0     0     1     0     0     0     0   176     0     0     0
      0     0     7     1]
 [  210    80    46    18    26    22     0    44     0     0    18     9
      0    20     0    76     0    11    63     0 10378    24     0     0
      0     0    14     1]
 [   47     1     0     0     2     6     0     0     0     0     1     0
      0     0     0    19     0     2     5     0   763    68     0     0
      0     0     0     0]
 [   17     1     1     0     1     1     0     0     0     0     0     0
      0     0     0     9     0     0     3     0   124     0     0     0
      0     0     0     0]
 [    9     9     1     0     3     0     0     0     0     0     3     0
      0     0     0     7     0     0     4     0   935     0     0     0
      0     0     1     0]
 [    9     0     0     0     1     0     0     0     0     0     0     0
      0     0     0    10     0     2     2     0   131     1     0     0
      0     0     0     0]
 [    0     7     1     0     0     1     0     0     0     0     0     0
      0     0     0    11     0     0     0     0   225     1     0     0
      0     1    25     0]
 [   12    12     2     7     1     0     0     0     0     0     1     1
      0     0     0     7     0     0    12     0   673     3     0     0
      0     3    61     0]
 [   28    20     3     1     0     2     0     3     0     0     3     0
      0     1     0     4     0     3     1     0   621     0     0     0
      0     0     0     1]]

Classification Report: 

              precision    recall  f1-score   support

           0       0.49      0.36      0.42      2134
           1       0.42      0.19      0.26      1232
           2       0.38      0.07      0.12      1060
           3       0.17      0.01      0.02      1688
           4       0.30      0.01      0.02      2226
           5       0.20      0.02      0.04       669
           6       0.00      0.00      0.00       965
           7       0.38      0.04      0.08      1142
           8       0.00      0.00      0.00       439
           9       0.00      0.00      0.00       970
          10       0.34      0.01      0.03      1537
          11       0.32      0.03      0.06       585
          12       0.00      0.00      0.00       303
          13       0.15      0.02      0.03       597
          14       0.00      0.00      0.00       317
          15       0.72      0.68      0.70      1409
          16       0.00      0.00      0.00        58
          17       0.34      0.04      0.08       814
          18       0.57      0.39      0.46      1004
          19       0.00      0.00      0.00       187
          20       0.36      0.94      0.52     11060
          21       0.37      0.07      0.12       914
          22       0.00      0.00      0.00       157
          23       0.00      0.00      0.00       972
          24       0.00      0.00      0.00       156
          25       0.17      0.00      0.01       272
          26       0.32      0.08      0.12       795
          27       0.20      0.00      0.00       691

    accuracy                           0.38     34353
   macro avg       0.22      0.11      0.11     34353
weighted avg       0.32      0.38      0.26     34353



Multinomial Naive Bayes Classifier - Default Parameters - Embedding as Features -  Sentiments


Confusion Matrix: 

[[ 535  402 2123  710]
 [ 256 2833 3456 1227]
 [ 429 1279 7105 2247]
 [ 211  807 3532 7201]]

Classification Report: 

              precision    recall  f1-score   support

           0       0.37      0.14      0.21      3770
           1       0.53      0.36      0.43      7772
           2       0.44      0.64      0.52     11060
           3       0.63      0.61      0.62     11751

    accuracy                           0.51     34353
   macro avg       0.49      0.44      0.45     34353
weighted avg       0.52      0.51      0.50     34353



Top Multi-Layered Perceptron Classifier - Parameters: {'activation': 'tanh', 'hidden_layer_sizes': (30, 50), 'max_iter': 1, 'solver': 'adam'} - Embedding as Features - Emotions


Confusion Matrix: 

[[  853    31     4     1     0     0     0     1     0     0     1     0
      0     0     0    57     0     8    81     0  1095     2     0     0
      0     0     0     0]
 [   68   200     5     0     0     0     0     0     0     0     2     1
      0     0     0     7     0     2    10     0   935     0     0     0
      0     0     2     0]
 [    9    17    99     5     0     0     1     6     0     1     3     4
      0     0     2     3     0     0    14     0   895     0     0     0
      0     0     1     0]
 [   22    44    44     6     0     0     0     3     0     1     8     2
      0     0     2     7     0     0    15     0  1527     0     0     0
      0     1     6     0]
 [  118    14     7     1     3     2     0     4     0     1     8     0
      0     0     0    22     0     2    53     0  1984     2     0     0
      0     0     5     0]
 [   36     1     0     0     0     4     0     2     0     0     5     0
      0     0     0    24     0     0    11     0   576     3     0     0
      0     4     3     0]
 [   15     6     5     1     0     0     0    10     0     0     5     2
      0     0     1     6     0     0     6     0   904     0     0     0
      0     0     4     0]
 [   16     4    12     0     0     3     2    36     0     0     1     0
      0     0     0     8     0     0    11     0  1047     1     0     0
      0     0     1     0]
 [   12     1     0     0     0     0     0     2     4     0     1     0
      0     0     0    10     0     0    28     0   376     3     0     0
      0     0     2     0]
 [   16    22     9     1     0     0     0     1     0     0     6     0
      0     0     1     2     0     0     7     0   878     0     0     0
      0     1    26     0]
 [   21    12     8     1     0     0     0     2     0     0    38     5
      0     0     0     7     0     2     7     0  1427     0     0     0
      0     0     7     0]
 [    8    29    27     4     0     0     0     0     0     0     4     9
      0     0     2     1     0     0     7     0   485     0     0     0
      0     0     9     0]
 [    5     7     3     2     0     0     0     0     0     1     1     2
      0     0     1     1     0     0     3     0   270     0     0     0
      0     1     6     0]
 [   60    10     3     0     0     1     0     1     0     0     0     0
      0     0     0    15     0    20    16     0   470     0     0     0
      0     0     1     0]
 [    3     9     3     0     0     0     0     0     0     0     4     3
      0     0    11     0     0     0     1     0   276     0     0     0
      0     1     6     0]
 [   58     4     0     0     0     2     0     0     0     0     0     0
      0     1     0   926     0     5    10     0   399     1     0     0
      0     2     1     0]
 [    0     0     1     1     0     0     1     1     0     0     0     0
      0     0     0     4     0     0     0     0    48     0     0     0
      0     0     2     0]
 [  101    29     1     2     0     0     0     0     0     0     0     0
      0     0     0    37     0    39    46     0   556     0     0     0
      0     0     3     0]
 [   65     9     1     0     0     0     0     0     0     0     0     0
      0     0     0    12     0     3   471     0   442     0     0     0
      0     1     0     0]
 [    0     2     0     0     0     0     0     0     0     0     2     0
      0     0     3     1     0     0     0     0   168     0     0     0
      0     4     7     0]
 [  305   106    69     8     1     5     5    51     0     0    41     7
      0     0     9    80     0    17   108     0 10220     7     0     0
      0     2    19     0]
 [   61     1     0     0     0     1     0     0     0     0     1     0
      0     0     0    44     0     1    20     0   773     9     0     0
      0     0     3     0]
 [   24     0     1     0     0     0     1     0     0     0     0     0
      0     0     0     9     0     0     3     0   118     0     0     0
      0     0     1     0]
 [   15    10     2     1     0     0     0     1     0     0     3     0
      0     0     0     7     0     0     7     0   924     0     0     0
      0     0     2     0]
 [   14     0     0     0     0     0     0     0     0     0     0     0
      0     0     0    10     0     0     4     0   127     0     0     0
      0     0     1     0]
 [    1     9     1     0     0     1     0     0     0     0     2     0
      0     0     0    11     0     0     0     0   209     0     0     0
      0    13    25     0]
 [   15    32     6     1     1     0     0     0     0     0     7     1
      0     0     1    10     0     0    15     0   643     0     0     0
      0    14    49     0]
 [   34    26     3     0     0     0     0     5     0     0     3     0
      0     0     0     9     0     2     3     0   603     0     0     0
      0     0     3     0]]

Classification Report: 

              precision    recall  f1-score   support

           0       0.44      0.40      0.42      2134
           1       0.31      0.16      0.21      1232
           2       0.32      0.09      0.14      1060
           3       0.17      0.00      0.01      1688
           4       0.60      0.00      0.00      2226
           5       0.21      0.01      0.01       669
           6       0.00      0.00      0.00       965
           7       0.29      0.03      0.06      1142
           8       1.00      0.01      0.02       439
           9       0.00      0.00      0.00       970
          10       0.26      0.02      0.05      1537
          11       0.25      0.02      0.03       585
          12       0.00      0.00      0.00       303
          13       0.00      0.00      0.00       597
          14       0.33      0.03      0.06       317
          15       0.70      0.66      0.68      1409
          16       0.00      0.00      0.00        58
          17       0.39      0.05      0.09       814
          18       0.49      0.47      0.48      1004
          19       0.00      0.00      0.00       187
          20       0.36      0.92      0.52     11060
          21       0.32      0.01      0.02       914
          22       0.00      0.00      0.00       157
          23       0.00      0.00      0.00       972
          24       0.00      0.00      0.00       156
          25       0.30      0.05      0.08       272
          26       0.25      0.06      0.10       795
          27       0.00      0.00      0.00       691

    accuracy                           0.38     34353
   macro avg       0.25      0.11      0.11     34353
weighted avg       0.33      0.38      0.26     34353



Top Multi_Layered Perceptron Classifier - Parameters: {'activation': 'relu', 'hidden_layer_sizes': (30, 50), 'max_iter': 1, 'solver': 'adam'} - Embedding as Features - Sentiments


Confusion Matrix: 

[[ 295  912 1778  785]
 [  95 4223 2360 1094]
 [ 204 2499 5982 2375]
 [  83 1601 2801 7266]]

Classification Report: 

              precision    recall  f1-score   support

           0       0.44      0.08      0.13      3770
           1       0.46      0.54      0.50      7772
           2       0.46      0.54      0.50     11060
           3       0.63      0.62      0.62     11751

    accuracy                           0.52     34353
   macro avg       0.50      0.45      0.44     34353
weighted avg       0.52      0.52      0.50     34353



